t x1 x2 x3
0.00000000 0.000000000000 1.500000000000 -1.200000000000
0.01000000 0.006644493745 1.488015033236 -1.196990038852
0.02000000 0.013244838193 1.476060265113 -1.193960310518
0.03000000 0.019801326693 1.464135892143 -1.190911046996
0.04000000 0.026314250646 1.452242108520 -1.187842479392
0.05000000 0.032783899517 1.440379106134 -1.184754837916
0.06000000 0.039210560847 1.428547074577 -1.181648351883
0.07000000 0.045594520266 1.416746201150 -1.178523249711
0.08000000 0.051936061506 1.404976670878 -1.175379758917
0.09000000 0.058235466415 1.393238666512 -1.172218106120
0.10000000 0.064493014967 1.381532368543 -1.169038517033
0.11000000 0.070708985278 1.369857955209 -1.165841216469
0.12000000 0.076883653612 1.358215602505 -1.162626428333
0.13000000 0.083017294401 1.346605484191 -1.159394375623
0.14000000 0.089110180253 1.335027771800 -1.156145280431
0.15000000 0.095162581963 1.323482634653 -1.152879363938
0.16000000 0.101174768527 1.311970239858 -1.149596846415
0.17000000 0.107147007155 1.300490752330 -1.146297947219
0.18000000 0.113079563281 1.289044334791 -1.142982884797
0.19000000 0.118972700575 1.277631147786 -1.139651876678
0.20000000 0.124826680955 1.266251349687 -1.136305139478
0.21000000 0.130641764599 1.254905096707 -1.132942888896
0.22000000 0.136418209956 1.243592542905 -1.129565339712
0.23000000 0.142156273758 1.232313840195 -1.126172705787
0.24000000 0.147856211032 1.221069138361 -1.122765200063
0.25000000 0.153518275107 1.209858585060 -1.119343034562
0.26000000 0.159142717633 1.198682325832 -1.115906420382
0.27000000 0.164729788586 1.187540504114 -1.112455567701
0.28000000 0.170279736281 1.176433261242 -1.108990685770
0.29000000 0.175792807384 1.165360736468 -1.105511982921
0.30000000 0.181269246919 1.154323066962 -1.102019666555
0.31000000 0.186709298287 1.143320387826 -1.098513943151
0.32000000 0.192113203267 1.132352832103 -1.094995018261
0.33000000 0.197481202035 1.121420530784 -1.091463096509
0.34000000 0.202813533168 1.110523612817 -1.087918381590
0.35000000 0.208110433660 1.099662205120 -1.084361076274
0.36000000 0.213372138930 1.088836432586 -1.080791382399
0.37000000 0.218598882833 1.078046418097 -1.077209500874
0.38000000 0.223790897668 1.067292282527 -1.073615631679
0.39000000 0.228948414193 1.056574144758 -1.070009973863
0.40000000 0.234071661632 1.045892121685 -1.066392725544
0.41000000 0.239160867685 1.035246328225 -1.062764083907
0.42000000 0.244216258541 1.024636877330 -1.059124245209
0.43000000 0.249238058883 1.014063879993 -1.055473404772
0.44000000 0.254226491905 1.003527445259 -1.051811756987
0.45000000 0.259181779315 0.993027680233 -1.048139495312
0.46000000 0.264104141348 0.982564690090 -1.044456812271
0.47000000 0.268993796778 0.972138578086 -1.040763899457
0.48000000 0.273850962922 0.961749445565 -1.037060947529
0.49000000 0.278675855657 0.951397391967 -1.033348146214
0.50000000 0.283468689422 0.941082514842 -1.029625684302
0.51000000 0.288229677233 0.930804909856 -1.025893749652
0.52000000 0.292959030691 0.920564670801 -1.022152529191
0.53000000 0.297656959989 0.910361889605 -1.018402208910
0.54000000 0.302323673925 0.900196656339 -1.014642973867
0.55000000 0.306959379909 0.890069059229 -1.010875008187
0.56000000 0.311564283974 0.879979184666 -1.007098495061
0.57000000 0.316138590783 0.869927117212 -1.003313616748
0.58000000 0.320682503639 0.859912939611 -0.999520554572
0.59000000 0.325196224495 0.849936732798 -0.995719488926
0.60000000 0.329679953960 0.839998575912 -0.991910599269
0.61000000 0.334133891313 0.830098546298 -0.988094064129
0.62000000 0.338558234507 0.820236719522 -0.984270061099
0.63000000 0.342953180180 0.810413169380 -0.980438766843
0.64000000 0.347318923665 0.800627967903 -0.976600357092
0.65000000 0.351655658994 0.790881185373 -0.972755006646
0.66000000 0.355963578912 0.781172890326 -0.968902889374
0.67000000 0.360242874884 0.771503149565 -0.965044178215
0.68000000 0.364493737100 0.761872028168 -0.961179045176
0.69000000 0.368716354488 0.752279589497 -0.957307661338
0.70000000 0.372910914722 0.742725895210 -0.953430196850
0.71000000 0.377077604227 0.733211005265 -0.949546820934
0.72000000 0.381216608189 0.723734977934 -0.945657701883
0.73000000 0.385328110565 0.714297869813 -0.941763007063
0.74000000 0.389412294090 0.704899735824 -0.937862902913
0.75000000 0.393469340282 0.695540629234 -0.933957554946
0.76000000 0.397499429457 0.686220601656 -0.930047127750
0.77000000 0.401502740729 0.676939703064 -0.926131784987
0.78000000 0.405479452025 0.667697981798 -0.922211689396
0.79000000 0.409429740087 0.658495484579 -0.918287002792
0.80000000 0.413353780485 0.649332256509 -0.914357886066
0.81000000 0.417251747621 0.640208341091 -0.910424499191
0.82000000 0.421123814739 0.631123780229 -0.906487001214
0.83000000 0.424970153931 0.622078614243 -0.902545550266
0.84000000 0.428790936146 0.613072881876 -0.898600303556
0.85000000 0.432586331198 0.604106620303 -0.894651417375
0.86000000 0.436356507771 0.595179865142 -0.890699047098
0.87000000 0.440101633429 0.586292650460 -0.886743347181
0.88000000 0.443821874624 0.577445008785 -0.882784471166
0.89000000 0.447517396699 0.568636971114 -0.878822571681
0.90000000 0.451188363901 0.559868566924 -0.874857800437
0.91000000 0.454834939384 0.551139824175 -0.870890308236
0.92000000 0.458457285219 0.542450769329 -0.866920244966
0.93000000 0.462055562400 0.533801427349 -0.862947759606
0.94000000 0.465629930851 0.525191821717 -0.858973000225
0.95000000 0.469180549432 0.516621974434 -0.854996113984
0.96000000 0.472707575951 0.508091906039 -0.851017247135
0.97000000 0.476211167165 0.499601635609 -0.847036545027
0.98000000 0.479691478788 0.491151180774 -0.843054152102
0.99000000 0.483148665503 0.482740557724 -0.839070211900
1.00000000 0.486582880962 0.474369781218 -0.835084867057
1.01000000 0.489994277798 0.466038864592 -0.831098259309
1.02000000 0.493383007629 0.457747819772 -0.827110529492
1.03000000 0.496749221066 0.449496657276 -0.823121817544
1.04000000 0.500093067718 0.441285386231 -0.819132262504
1.05000000 0.503414696203 0.433114014375 -0.815142002518
1.06000000 0.506714254148 0.424982548073 -0.811151174834
1.07000000 0.509991888200 0.416890992316 -0.807159915811
1.08000000 0.513247744034 0.408839350742 -0.803168360912
1.09000000 0.516481966354 0.400827625636 -0.799176644714
1.10000000 0.519694698904 0.392855817940 -0.795184900901
1.11000000 0.522886084473 0.384923927267 -0.791193262273
1.12000000 0.526056264900 0.377031951904 -0.787201860742
1.13000000 0.529205381084 0.369179888824 -0.783210827338
1.14000000 0.532333572984 0.361367733696 -0.779220292205
1.15000000 0.535440979633 0.353595480888 -0.775230384608
1.16000000 0.538527739138 0.345863123484 -0.771241232931
1.17000000 0.541593988689 0.338170653285 -0.767252964681
1.18000000 0.544639864564 0.330518060823 -0.763265706488
1.19000000 0.547665502135 0.322905335369 -0.759279584106
1.20000000 0.550671035877 0.315332464938 -0.755294722417
1.21000000 0.553656599368 0.307799436304 -0.751311245432
1.22000000 0.556622325302 0.300306235003 -0.747329276289
1.23000000 0.559568345488 0.292852845345 -0.743348937260
1.24000000 0.562494790861 0.285439250419 -0.739370349752
1.25000000 0.565401791487 0.278065432109 -0.735393634303
1.26000000 0.568289476565 0.270731371094 -0.731418910590
1.27000000 0.571157974437 0.263437046862 -0.727446297431
1.28000000 0.574007412594 0.256182437717 -0.723475912779
1.29000000 0.576837917676 0.248967520787 -0.719507873735
1.30000000 0.579649615485 0.241792272036 -0.715542296540
1.31000000 0.582442630986 0.234656666266 -0.711579296582
1.32000000 0.585217088312 0.227560677131 -0.707618988397
1.33000000 0.587973110775 0.220504277146 -0.703661485671
1.34000000 0.590710820863 0.213487437690 -0.699706901240
1.35000000 0.593430340253 0.206510129020 -0.695755347095
1.36000000 0.596131789814 0.199572320276 -0.691806934380
1.37000000 0.598815289611 0.192673979493 -0.687861773399
1.38000000 0.601480958909 0.185815073604 -0.683919973612
1.39000000 0.604128916185 0.178995568454 -0.679981643642
1.40000000 0.606759279125 0.172215428806 -0.676046891276
1.41000000 0.609372164635 0.165474618347 -0.672115823462
1.42000000 0.611967688844 0.158773099701 -0.668188546319
1.43000000 0.614545967108 0.152110834434 -0.664265165133
1.44000000 0.617107114019 0.145487783063 -0.660345784361
1.45000000 0.619651243405 0.138903905066 -0.656430507634
1.46000000 0.622178468339 0.132359158887 -0.652519437758
1.47000000 0.624688901143 0.125853501948 -0.648612676714
1.48000000 0.627182653391 0.119386890653 -0.644710325665
1.49000000 0.629659835919 0.112959280400 -0.640812484954
1.50000000 0.632120558822 0.106570625587 -0.636919254108
1.51000000 0.634564931468 0.100220879622 -0.633030731838
1.52000000 0.636993062495 0.093909994929 -0.629147016046
1.53000000 0.639405059821 0.087637922956 -0.625268203819
1.54000000 0.641801030645 0.081404614186 -0.621394391440
1.55000000 0.644181081457 0.075210018143 -0.617525674386
1.56000000 0.646545318035 0.069054083398 -0.613662147327
1.57000000 0.648893845459 0.062936757583 -0.609803904134
1.58000000 0.651226768106 0.056857987392 -0.605951037879
1.59000000 0.653544189664 0.050817718594 -0.602103640837
1.60000000 0.655846213129 0.044815896040 -0.598261804486
1.61000000 0.658132940813 0.038852463667 -0.594425619515
1.62000000 0.660404474349 0.032927364511 -0.590595175818
1.63000000 0.662660914695 0.027040540715 -0.586770562505
1.64000000 0.664902362137 0.021191933532 -0.582951867900
1.65000000 0.667128916296 0.015381483336 -0.579139179540
1.66000000 0.669340676129 0.009609129631 -0.575332584184
1.67000000 0.671537739939 0.003874811056 -0.571532167812
1.68000000 0.673720205371 -0.001821534606 -0.567738015625
1.69000000 0.675888169425 -0.007479970419 -0.563950212053
1.70000000 0.678041728456 -0.013100560288 -0.560168840752
1.71000000 0.680180978178 -0.018683368951 -0.556393984609
1.72000000 0.682306013668 -0.024228461971 -0.552625725743
1.73000000 0.684416929373 -0.029735905729 -0.548864145510
1.74000000 0.686513819111 -0.035205767413 -0.545109324502
1.75000000 0.688596776079 -0.040638115016 -0.541361342552
1.76000000 0.690665892853 -0.046033017324 -0.537620278734
1.77000000 0.692721261393 -0.051390543912 -0.533886211367
1.78000000 0.694762973049 -0.056710765132 -0.530159218020
1.79000000 0.696791118566 -0.061993752109 -0.526439375507
1.80000000 0.698805788082 -0.067239576732 -0.522726759897
1.81000000 0.700807071139 -0.072448311648 -0.519021446513
1.82000000 0.702795056683 -0.077620030252 -0.515323509935
1.83000000 0.704769833070 -0.082754806682 -0.511633024002
1.84000000 0.706731488067 -0.087852715811 -0.507950061815
1.85000000 0.708680108861 -0.092913833239 -0.504274695739
1.86000000 0.710615782055 -0.097938235285 -0.500606997406
1.87000000 0.712538593681 -0.102925998983 -0.496947037717
1.88000000 0.714448629197 -0.107877202069 -0.493294886846
1.89000000 0.716345973494 -0.112791922981 -0.489650614240
1.90000000 0.718230710899 -0.117670240844 -0.486014288624
1.91000000 0.720102925178 -0.122512235470 -0.482385978001
1.92000000 0.721962699541 -0.127317987345 -0.478765749657
1.93000000 0.723810116645 -0.132087577626 -0.475153670161
1.94000000 0.725645258597 -0.136821088131 -0.471549805371
1.95000000 0.727468206960 -0.141518601333 -0.467954220432
1.96000000 0.729279042754 -0.146180200354 -0.464366979784
1.97000000 0.731077846461 -0.150805968956 -0.460788147160
1.98000000 0.732864698028 -0.155395991535 -0.457217785589
1.99000000 0.734639676871 -0.159950353113 -0.453655957402
2.00000000 0.736402861878 -0.164469139333 -0.450102724231
2.01000000 0.738154331414 -0.168952436451 -0.446558147014
2.02000000 0.739894163321 -0.173400331327 -0.443022285994
2.03000000 0.741622434926 -0.177812911423 -0.439495200728
2.04000000 0.743339223041 -0.182190264791 -0.435976950083
2.05000000 0.745044603968 -0.186532480068 -0.432467592242
2.06000000 0.746738653502 -0.190839646470 -0.428967184707
2.07000000 0.748421446934 -0.195111853786 -0.425475784297
2.08000000 0.750093059057 -0.199349192367 -0.421993447160
2.09000000 0.751753564163 -0.203551753125 -0.418520228764
2.10000000 0.753403036053 -0.207719627521 -0.415056183910
2.11000000 0.755041548037 -0.211852907562 -0.411601366727
2.12000000 0.756669172939 -0.215951685793 -0.408155830680
2.13000000 0.758285983097 -0.220016055289 -0.404719628570
2.14000000 0.759892050371 -0.224046109652 -0.401292812534
2.15000000 0.761487446140 -0.228041942999 -0.397875434056
2.16000000 0.763072241312 -0.232003649961 -0.394467543960
2.17000000 0.764646506323 -0.235931325673 -0.391069192419
2.18000000 0.766210311139 -0.239825065770 -0.387680428956
2.19000000 0.767763725265 -0.243684966376 -0.384301302445
2.20000000 0.769306817739 -0.247511124103 -0.380931861116
2.21000000 0.770839657146 -0.251303636041 -0.377572152558
2.22000000 0.772362311611 -0.255062599753 -0.374222223718
2.23000000 0.773874848807 -0.258788113269 -0.370882120908
2.24000000 0.775377335960 -0.262480275077 -0.367551889805
2.25000000 0.776869839846 -0.266139184121 -0.364231575454
2.26000000 0.778352426799 -0.269764939790 -0.360921222272
2.27000000 0.779825162713 -0.273357641916 -0.357620874051
2.28000000 0.781288113042 -0.276917390765 -0.354330573958
2.29000000 0.782741342807 -0.280444287031 -0.351050364539
2.30000000 0.784184916596 -0.283938431831 -0.347780287724
2.31000000 0.785618898568 -0.287399926699 -0.344520384826
2.32000000 0.787043352455 -0.290828873577 -0.341270696547
2.33000000 0.788458341568 -0.294225374812 -0.338031262977
2.34000000 0.789863928794 -0.297589533151 -0.334802123602
2.35000000 0.791260176605 -0.300921451728 -0.331583317301
2.36000000 0.792647147055 -0.304221234068 -0.328374882353
2.37000000 0.794024901790 -0.307488984072 -0.325176856436
2.38000000 0.795393502041 -0.310724806017 -0.321989276635
2.39000000 0.796753008637 -0.313928804547 -0.318812179439
2.40000000 0.798103482000 -0.317101084668 -0.315645600747
2.41000000 0.799444982151 -0.320241751742 -0.312489575870
2.42000000 0.800777568713 -0.323350911480 -0.309344139535
2.43000000 0.802101300911 -0.326428669941 -0.306209325884
2.44000000 0.803416237579 -0.329475133519 -0.303085168482
2.45000000 0.804722437159 -0.332490408942 -0.299971700314
2.46000000 0.806019957704 -0.335474603264 -0.296868953793
2.47000000 0.807308856882 -0.338427823863 -0.293776960760
2.48000000 0.808589191977 -0.341350178429 -0.290695752487
2.49000000 0.809861019893 -0.344241774964 -0.287625359679
2.50000000 0.811124397157 -0.347102721775 -0.284565812478
2.51000000 0.812379379919 -0.349933127465 -0.281517140468
2.52000000 0.813626023955 -0.352733100932 -0.278479372671
2.53000000 0.814864384673 -0.355502751361 -0.275452537557
2.54000000 0.816094517111 -0.358242188218 -0.272436663042
2.55000000 0.817316475942 -0.360951521248 -0.269431776492
2.56000000 0.818530315475 -0.363630860464 -0.266437904729
2.57000000 0.819736089659 -0.366280316146 -0.263455074028
2.58000000 0.820933852083 -0.368899998834 -0.260483310123
2.59000000 0.822123655983 -0.371490019322 -0.257522638210
2.60000000 0.823305554238 -0.374050488654 -0.254573082948
2.61000000 0.824479599378 -0.376581518117 -0.251634668466
2.62000000 0.825645843582 -0.379083219238 -0.248707418359
2.63000000 0.826804338684 -0.381555703776 -0.245791355695
2.64000000 0.827955136172 -0.383999083719 -0.242886503018
2.65000000 0.829098287193 -0.386413471277 -0.239992882350
2.66000000 0.830233842555 -0.388798978878 -0.237110515193
2.67000000 0.831361852726 -0.391155719162 -0.234239422531
2.68000000 0.832482367841 -0.393483804978 -0.231379624836
2.69000000 0.833595437700 -0.395783349376 -0.228531142068
2.70000000 0.834701111773 -0.398054465601 -0.225693993679
2.71000000 0.835799439202 -0.400297267094 -0.222868198613
2.72000000 0.836890468801 -0.402511867479 -0.220053775314
2.73000000 0.837974249061 -0.404698380566 -0.217250741723
2.74000000 0.839050828150 -0.406856920338 -0.214459115286
2.75000000 0.840120253915 -0.408987600952 -0.211678912951
2.76000000 0.841182573888 -0.411090536732 -0.208910151178
2.77000000 0.842237835283 -0.413165842164 -0.206152845932
2.78000000 0.843286084999 -0.415213631891 -0.203407012697
2.79000000 0.844327369627 -0.417234020708 -0.200672666469
2.80000000 0.845361735446 -0.419227123559 -0.197949821765
2.81000000 0.846389228428 -0.421193055529 -0.195238492621
2.82000000 0.847409894238 -0.423131931842 -0.192538692601
2.83000000 0.848423778242 -0.425043867855 -0.189850434792
2.84000000 0.849430925499 -0.426928979054 -0.187173731813
2.85000000 0.850431380773 -0.428787381048 -0.184508595813
2.86000000 0.851425188528 -0.430619189566 -0.181855038479
2.87000000 0.852412392933 -0.432424520451 -0.179213071034
2.88000000 0.853393037865 -0.434203489656 -0.176582704241
2.89000000 0.854367166908 -0.435956213239 -0.173963948406
2.90000000 0.855334823356 -0.437682807360 -0.171356813382
2.91000000 0.856296050218 -0.439383388274 -0.168761308570
2.92000000 0.857250890213 -0.441058072329 -0.166177442922
2.93000000 0.858199385780 -0.442706975958 -0.163605224944
2.94000000 0.859141579074 -0.444330215680 -0.161044662697
2.95000000 0.860077511971 -0.445927908090 -0.158495763804
2.96000000 0.861007226068 -0.447500169858 -0.155958535447
2.97000000 0.861930762685 -0.449047117723 -0.153432984376
2.98000000 0.862848162868 -0.450568868491 -0.150919116904
2.99000000 0.863759467392 -0.452065539027 -0.148416938917
3.00000000 0.864664716759 -0.453537246253 -0.145926455873
3.01000000 0.865563951202 -0.454984107144 -0.143447672804
3.02000000 0.866457210687 -0.456406238724 -0.140980594322
3.03000000 0.867344534915 -0.457803758060 -0.138525224616
3.04000000 0.868225963323 -0.459176782258 -0.136081567462
3.05000000 0.869101535086 -0.460525428462 -0.133649626219
3.06000000 0.869971289117 -0.461849813846 -0.131229403837
3.07000000 0.870835264073 -0.463150055610 -0.128820902854
3.08000000 0.871693498353 -0.464426270981 -0.126424125405
3.09000000 0.872546030101 -0.465678577203 -0.124039073219
3.10000000 0.873392897207 -0.466907091534 -0.121665747624
3.11000000 0.874234137309 -0.468111931247 -0.119304149551
3.12000000 0.875069787797 -0.469293213619 -0.116954279534
3.13000000 0.875899885811 -0.470451055932 -0.114616137715
3.14000000 0.876724468243 -0.471585575467 -0.112289723843
3.15000000 0.877543571743 -0.472696889500 -0.109975037283
3.16000000 0.878357232714 -0.473785115300 -0.107672077011
3.17000000 0.879165487321 -0.474850370123 -0.105380841622
3.18000000 0.879968371484 -0.475892771210 -0.103101329331
3.19000000 0.880765920889 -0.476912435780 -0.100833537973
3.20000000 0.881558170982 -0.477909481030 -0.098577465011
3.21000000 0.882345156974 -0.478884024132 -0.096333107534
3.22000000 0.883126913843 -0.479836182222 -0.094100462261
3.23000000 0.883903476333 -0.480766072405 -0.091879525545
3.24000000 0.884674878958 -0.481673811748 -0.089670293373
3.25000000 0.885441156003 -0.482559517274 -0.087472761370
3.26000000 0.886202341526 -0.483423305960 -0.085286924802
3.27000000 0.886958469355 -0.484265294738 -0.083112778576
3.28000000 0.887709573099 -0.485085600482 -0.080950317248
3.29000000 0.888455686138 -0.485884340013 -0.078799535019
3.30000000 0.889196841634 -0.486661630092 -0.076660425741
3.31000000 0.889933072526 -0.487417587416 -0.074532982919
3.32000000 0.890664411537 -0.488152328616 -0.072417199715
3.33000000 0.891390891171 -0.488865970252 -0.070313068948
3.34000000 0.892112543715 -0.489558628811 -0.068220583098
3.35000000 0.892829401244 -0.490230420704 -0.066139734307
3.36000000 0.893541495617 -0.490881462260 -0.064070514383
3.37000000 0.894248858483 -0.491511869726 -0.062012914804
3.38000000 0.894951521282 -0.492121759262 -0.059966926715
3.39000000 0.895649515241 -0.492711246935 -0.057932540938
3.40000000 0.896342871385 -0.493280448723 -0.055909747968
3.41000000 0.897031620527 -0.493829480505 -0.053898537978
3.42000000 0.897715793281 -0.494358458059 -0.051898900823
3.43000000 0.898395420052 -0.494867497062 -0.049910826040
3.44000000 0.899070531048 -0.495356713085 -0.047934302851
3.45000000 0.899741156273 -0.495826221588 -0.045969320166
3.46000000 0.900407325533 -0.496276137919 -0.044015866587
3.47000000 0.901069068436 -0.496706577311 -0.042073930406
3.48000000 0.901726414392 -0.497117654878 -0.040143499611
3.49000000 0.902379392617 -0.497509485613 -0.038224561890
3.50000000 0.903028032132 -0.497882184384 -0.036317104628
3.51000000 0.903672361766 -0.498235865931 -0.034421114913
3.52000000 0.904312410155 -0.498570644864 -0.032536579538
3.53000000 0.904948205748 -0.498886635658 -0.030663485005
3.54000000 0.905579776800 -0.499183952654 -0.028801817522
3.55000000 0.906207151382 -0.499462710052 -0.026951563013
3.56000000 0.906830357378 -0.499723021910 -0.025112707113
3.57000000 0.907449422486 -0.499965002141 -0.023285235176
3.58000000 0.908064374219 -0.500188764510 -0.021469132274
3.59000000 0.908675239910 -0.500394422633 -0.019664383201
3.60000000 0.909282046707 -0.500582089969 -0.017870972474
3.61000000 0.909884821580 -0.500751879824 -0.016088884337
3.62000000 0.910483591320 -0.500903905344 -0.014318102763
3.63000000 0.911078382537 -0.501038279514 -0.012558611454
3.64000000 0.911669221668 -0.501155115152 -0.010810393848
3.65000000 0.912256134972 -0.501254524914 -0.009073433115
3.66000000 0.912839148534 -0.501336621281 -0.007347712167
3.67000000 0.913418288267 -0.501401516565 -0.005633213651
3.68000000 0.913993579909 -0.501449322903 -0.003929919962
3.69000000 0.914565049029 -0.501480152254 -0.002237813236
3.70000000 0.915132721027 -0.501494116397 -0.000556875357
3.71000000 0.915696621131 -0.501491326930 0.001112912042
3.72000000 0.916256774404 -0.501471895263 0.002771567575
3.73000000 0.916813205743 -0.501435932622 0.004419110104
3.74000000 0.917365939877 -0.501383550041 0.006055558733
3.75000000 0.917915001373 -0.501314858362 0.007680932810
3.76000000 0.918460414633 -0.501229968234 0.009295251920
3.77000000 0.919002203898 -0.501128990108 0.010898535886
3.78000000 0.919540393247 -0.501012034234 0.012490804767
3.79000000 0.920075006601 -0.500879210662 0.014072078853
3.80000000 0.920606067720 -0.500730629238 0.015642378666
3.81000000 0.921133600206 -0.500566399600 0.017201724954
3.82000000 0.921657627506 -0.500386631180 0.018750138693
3.83000000 0.922178172910 -0.500191433198 0.020287641082
3.84000000 0.922695259553 -0.499980914659 0.021814253543
3.85000000 0.923208910418 -0.499755184354 0.023329997716
3.86000000 0.923719148332 -0.499514350859 0.024834895458
3.87000000 0.924225995974 -0.499258522526 0.026328968842
3.88000000 0.924729475870 -0.498987807489 0.027812240154
3.89000000 0.925229610396 -0.498702313655 0.029284731891
3.90000000 0.925726421782 -0.498402148708 0.030746466756
3.91000000 0.926219932108 -0.498087420100 0.032197467663
3.92000000 0.926710163308 -0.497758235057 0.033637757728
3.93000000 0.927197137169 -0.497414700571 0.035067360267
3.94000000 0.927680875336 -0.497056923399 0.036486298800
3.95000000 0.928161399308 -0.496685010062 0.037894597044
3.96000000 0.928638730440 -0.496299066846 0.039292278910
3.97000000 0.929112889950 -0.495899199792 0.040679368505
3.98000000 0.929583898909 -0.495485514702 0.042055890126
3.99000000 0.930051778252 -0.495058117134 0.043421868262
4.00000000 0.930516548774 -0.494617112400 0.044777327587
4.01000000 0.930978231131 -0.494162605562 0.046122292961
4.02000000 0.931436845843 -0.493694701437 0.047456789429
4.03000000 0.931892413292 -0.493213504586 0.048780842217
4.04000000 0.932344953725 -0.492719119320 0.050094476728
4.05000000 0.932794487257 -0.492211649694 0.051397718546
4.06000000 0.933241033866 -0.491691199506 0.052690593427
4.07000000 0.933684613399 -0.491157872296 0.053973127303
4.08000000 0.934125245571 -0.490611771343 0.055245346274
4.09000000 0.934562949964 -0.490052999666 0.056507276613
4.10000000 0.934997746034 -0.489481660018 0.057758944758
4.11000000 0.935429653104 -0.488897854889 0.059000377312
4.12000000 0.935858690370 -0.488301686501 0.060231601042
4.13000000 0.936284876901 -0.487693256808 0.061452642877
4.14000000 0.936708231637 -0.487072667493 0.062663529905
4.15000000 0.937128773396 -0.486440019968 0.063864289370
4.16000000 0.937546520868 -0.485795415373 0.065054948672
4.17000000 0.937961492620 -0.485138954570 0.066235535366
4.18000000 0.938373707094 -0.484470738149 0.067406077158
4.19000000 0.938783182612 -0.483790866417 0.068566601902
4.20000000 0.939189937372 -0.483099439407 0.069717137601
4.21000000 0.939593989453 -0.482396556868 0.070857712404
4.22000000 0.939995356812 -0.481682318268 0.071988354603
4.23000000 0.940394057288 -0.480956822790 0.073109092632
4.24000000 0.940790108602 -0.480220169334 0.074219955067
4.25000000 0.941183528355 -0.479472456512 0.075320970621
4.26000000 0.941574334033 -0.478713782649 0.076412168142
4.27000000 0.941962543005 -0.477944245779 0.077493576613
4.28000000 0.942348172525 -0.477163943649 0.078565225153
4.29000000 0.942731239732 -0.476372973712 0.079627143006
4.30000000 0.943111761651 -0.475571433127 0.080679359551
4.31000000 0.943489755195 -0.474759418760 0.081721904289
4.32000000 0.943865237163 -0.473937027182 0.082754806849
4.33000000 0.944238224244 -0.473104354665 0.083778096983
4.34000000 0.944608733014 -0.472261497184 0.084791804565
4.35000000 0.944976779941 -0.471408550415 0.085795959588
4.36000000 0.945342381382 -0.470545609734 0.086790592163
4.37000000 0.945705553587 -0.469672770213 0.087775732519
4.38000000 0.946066312697 -0.468790126623 0.088751410997
4.39000000 0.946424674745 -0.467897773431 0.089717658053
4.40000000 0.946780655658 -0.466995804798 0.090674504253
4.41000000 0.947134271259 -0.466084314580 0.091621980272
4.42000000 0.947485537263 -0.465163396324 0.092560116892
4.43000000 0.947834469282 -0.464233143271 0.093488945002
4.44000000 0.948181082825 -0.463293648349 0.094408495595
4.45000000 0.948525393296 -0.462345004180 0.095318799765
4.46000000 0.948867415998 -0.461387303071 0.096219888708
4.47000000 0.949207166133 -0.460420637019 0.097111793717
4.48000000 0.949544658800 -0.459445097706 0.097994546185
4.49000000 0.949879908999 -0.458460776499 0.098868177598
4.50000000 0.950212931630 -0.457467764452 0.099732719536
4.51000000 0.950543741494 -0.456466152301 0.100588203673
4.52000000 0.950872353294 -0.455456030465 0.101434661772
4.53000000 0.951198781636 -0.454437489046 0.102272125684
4.54000000 0.951523041026 -0.453410617826 0.103100627350
4.55000000 0.951845145876 -0.452375506266 0.103920198794
4.56000000 0.952165110503 -0.451332243510 0.104730872125
4.57000000 0.952482949127 -0.450280918377 0.105532679533
4.58000000 0.952798675875 -0.449221619365 0.106325653291
4.59000000 0.953112304778 -0.448154434649 0.107109825748
4.60000000 0.953423849775 -0.447079452080 0.107885229334
4.61000000 0.953733324714 -0.445996759184 0.108651896552
4.62000000 0.954040743349 -0.444906443161 0.109409859980
4.63000000 0.954346119342 -0.443808590888 0.110159152269
4.64000000 0.954649466266 -0.442703288911 0.110899806141
4.65000000 0.954950797604 -0.441590623450 0.111631854388
4.66000000 0.955250126748 -0.440470680399 0.112355329870
4.67000000 0.955547467001 -0.439343545319 0.113070265512
4.68000000 0.955842831578 -0.438209303445 0.113776694306
4.69000000 0.956136233607 -0.437068039679 0.114474649306
4.70000000 0.956427686129 -0.435919838594 0.115164163629
4.71000000 0.956717202096 -0.434764784431 0.115845270451
4.72000000 0.957004794376 -0.433602961099 0.116518003007
4.73000000 0.957290475751 -0.432434452175 0.117182394592
4.74000000 0.957574258917 -0.431259340900 0.117838478553
4.75000000 0.957856156489 -0.430077710184 0.118486288294
4.76000000 0.958136180993 -0.428889642603 0.119125857271
4.77000000 0.958414344877 -0.427695220396 0.119757218992
4.78000000 0.958690660502 -0.426494525469 0.120380407014
4.79000000 0.958965140150 -0.425287639390 0.120995454945
4.80000000 0.959237796019 -0.424074643391 0.121602396437
4.81000000 0.959508640229 -0.422855618370 0.122201265189
4.82000000 0.959777684816 -0.421630644884 0.122792094945
4.83000000 0.960044941737 -0.420399803155 0.123374919491
4.84000000 0.960310422872 -0.419163173066 0.123949772656
4.85000000 0.960574140019 -0.417920834161 0.124516688305
4.86000000 0.960836104899 -0.416672865645 0.125075700348
4.87000000 0.961096329155 -0.415419346386 0.125626842726
4.88000000 0.961354824353 -0.414160354910 0.126170149420
4.89000000 0.961611601980 -0.412895969403 0.126705654443
4.90000000 0.961866673451 -0.411626267713 0.127233391844
4.91000000 0.962120050101 -0.410351327345 0.127753395702
4.92000000 0.962371743191 -0.409071225463 0.128265700125
4.93000000 0.962621763908 -0.407786038893 0.128770339254
4.94000000 0.962870123364 -0.406495844116 0.129267347255
4.95000000 0.963116832597 -0.405200717271 0.129756758320
4.96000000 0.963361902572 -0.403900734158 0.130238606669
4.97000000 0.963605344181 -0.402595970233 0.130712926544
4.98000000 0.963847168244 -0.401286500608 0.131179752209
4.99000000 0.964087385508 -0.399972400055 0.131639117951
5.00000000 0.964326006651 -0.398653743001 0.132091058075
5.01000000 0.964563042276 -0.397330603531 0.132535606908
5.02000000 0.964798502920 -0.396003055386 0.132972798790
5.03000000 0.965032399048 -0.394671171964 0.133402668082
5.04000000 0.965264741053 -0.393335026318 0.133825249156
5.05000000 0.965495539264 -0.391994691160 0.134240576400
5.06000000 0.965724803938 -0.390650238855 0.134648684213
5.07000000 0.965952545263 -0.389301741426 0.135049607008
5.08000000 0.966178773364 -0.387949270550 0.135443379205
5.09000000 0.966403498292 -0.386592897562 0.135830035234
5.10000000 0.966626730038 -0.385232693452 0.136209609533
5.11000000 0.966848478521 -0.383868728863 0.136582136545
5.12000000 0.967068753598 -0.382501074097 0.136947650722
5.13000000 0.967287565059 -0.381129799110 0.137306186515
5.14000000 0.967504922628 -0.379754973513 0.137657778381
5.15000000 0.967720835967 -0.378376666574 0.138002460779
5.16000000 0.967935314670 -0.376994947214 0.138340268168
5.17000000 0.968148368271 -0.375609884012 0.138671235004
5.18000000 0.968360006239 -0.374221545201 0.138995395746
5.19000000 0.968570237980 -0.372829998669 0.139312784846
5.20000000 0.968779072837 -0.371435311961 0.139623436755
5.21000000 0.968986520092 -0.370037552277 0.139927385917
5.22000000 0.969192588965 -0.368636786471 0.140224666770
5.23000000 0.969397288615 -0.367233081054 0.140515313745
5.24000000 0.969600628140 -0.365826502194 0.140799361266
5.25000000 0.969802616576 -0.364417115712 0.141076843746
5.26000000 0.970003262901 -0.363004987088 0.141347795587
5.27000000 0.970202576033 -0.361590181455 0.141612251180
5.28000000 0.970400564830 -0.360172763604 0.141870244905
5.29000000 0.970597238092 -0.358752797982 0.142121811125
5.30000000 0.970792604560 -0.357330348692 0.142366984190
5.31000000 0.970986672916 -0.355905479494 0.142605798436
5.32000000 0.971179451786 -0.354478253805 0.142838288177
5.33000000 0.971370949739 -0.353048734698 0.143064487715
5.34000000 0.971561175284 -0.351616984903 0.143284431329
5.35000000 0.971750136877 -0.350183066810 0.143498153280
5.36000000 0.971937842916 -0.348747042463 0.143705687807
5.37000000 0.972124301743 -0.347308973564 0.143907069128
5.38000000 0.972309521646 -0.345868921477 0.144102331437
5.39000000 0.972493510856 -0.344426947219 0.144291508905
5.40000000 0.972676277551 -0.342983111468 0.144474635677
5.41000000 0.972857829854 -0.341537474560 0.144651745874
5.42000000 0.973038175834 -0.340090096492 0.144822873589
5.43000000 0.973217323506 -0.338641036917 0.144988052887
5.44000000 0.973395280832 -0.337190355149 0.145147317804
5.45000000 0.973572055722 -0.335738110162 0.145300702348
5.46000000 0.973747656033 -0.334284360590 0.145448240494
5.47000000 0.973922089568 -0.332829164727 0.145589966188
5.48000000 0.974095364081 -0.331372580528 0.145725913342
5.49000000 0.974267487272 -0.329914665609 0.145856115834
5.50000000 0.974438466792 -0.328455477247 0.145980607511
5.51000000 0.974608310239 -0.326995072382 0.146099422180
5.52000000 0.974777025163 -0.325533507614 0.146212593616
5.53000000 0.974944619062 -0.324070839208 0.146320155555
5.54000000 0.975111099384 -0.322607123089 0.146422141696
5.55000000 0.975276473528 -0.321142414848 0.146518585700
5.56000000 0.975440748845 -0.319676769737 0.146609521186
5.57000000 0.975603932636 -0.318210242674 0.146694981736
5.58000000 0.975766032153 -0.316742888240 0.146775000887
5.59000000 0.975927054601 -0.315274760682 0.146849612137
5.60000000 0.976087007136 -0.313805913912 0.146918848940
5.61000000 0.976245896867 -0.312336401507 0.146982744707
5.62000000 0.976403730857 -0.310866276710 0.147041332802
5.63000000 0.976560516120 -0.309395592432 0.147094646547
5.64000000 0.976716259624 -0.307924401249 0.147142719215
5.65000000 0.976870968291 -0.306452755407 0.147185584033
5.66000000 0.977024648997 -0.304980706818 0.147223274182
5.67000000 0.977177308573 -0.303508307062 0.147255822792
5.68000000 0.977328953804 -0.302035607390 0.147283262944
5.69000000 0.977479591429 -0.300562658721 0.147305627671
5.70000000 0.977629228142 -0.299089511645 0.147322949952
5.71000000 0.977777870596 -0.297616216421 0.147335262717
5.72000000 0.977925525396 -0.296142822979 0.147342598842
5.73000000 0.978072199104 -0.294669380923 0.147344991151
5.74000000 0.978217898240 -0.293195939526 0.147342472413
5.75000000 0.978362629279 -0.291722547736 0.147335075345
5.76000000 0.978506398654 -0.290249254172 0.147322832604
5.77000000 0.978649212753 -0.288776107127 0.147305776796
5.78000000 0.978791077926 -0.287303154571 0.147283940467
5.79000000 0.978932000476 -0.285830444145 0.147257356107
5.80000000 0.979071986667 -0.284358023167 0.147226056148
5.81000000 0.979211042720 -0.282885938633 0.147190072961
5.82000000 0.979349174817 -0.281414237211 0.147149438860
5.83000000 0.979486389096 -0.279942965251 0.147104186098
5.84000000 0.979622691655 -0.278472168777 0.147054346868
5.85000000 0.979758088553 -0.277001893495 0.146999953299
5.86000000 0.979892585807 -0.275532184786 0.146941037459
5.87000000 0.980026189395 -0.274063087713 0.146877631356
5.88000000 0.980158905254 -0.272594647020 0.146809766929
5.89000000 0.980290739284 -0.271126907129 0.146737476059
5.90000000 0.980421697344 -0.269659912147 0.146660790556
5.91000000 0.980551785253 -0.268193705861 0.146579742170
5.92000000 0.980681008795 -0.266728331741 0.146494362583
5.93000000 0.980809373711 -0.265263832941 0.146404683408
5.94000000 0.980936885707 -0.263800252300 0.146310736195
5.95000000 0.981063550451 -0.262337632339 0.146212552423
5.96000000 0.981189373571 -0.260876015268 0.146110163504
5.97000000 0.981314360661 -0.259415442982 0.146003600781
5.98000000 0.981438517275 -0.257955957061 0.145892895526
5.99000000 0.981561848931 -0.256497598776 0.145778078943
6.00000000 0.981684361110 -0.255040409083 0.145659182164
6.01000000 0.981806059258 -0.253584428629 0.145536236250
6.02000000 0.981926948784 -0.252129697752 0.145409272190
6.03000000 0.982047035059 -0.250676256476 0.145278320899
6.04000000 0.982166323423 -0.249224144522 0.145143413223
6.05000000 0.982284819175 -0.247773401297 0.145004579931
6.06000000 0.982402527583 -0.246324065906 0.144861851719
6.07000000 0.982519453879 -0.244876177144 0.144715259209
6.08000000 0.982635603258 -0.243429773501 0.144564832947
6.09000000 0.982750980883 -0.241984893163 0.144410603404
6.10000000 0.982865591883 -0.240541574009 0.144252600975
6.11000000 0.982979441351 -0.239099853618 0.144090855977
6.12000000 0.983092534346 -0.237659769264 0.143925398653
6.13000000 0.983204875896 -0.236221357919 0.143756259165
6.14000000 0.983316470993 -0.234784656254 0.143583467599
6.15000000 0.983427324597 -0.233349700641 0.143407053961
6.16000000 0.983537441635 -0.231916527149 0.143227048180
6.17000000 0.983646827001 -0.230485171551 0.143043480103
6.18000000 0.983755485557 -0.229055669322 0.142856379498
6.19000000 0.983863422132 -0.227628055637 0.142665776054
6.20000000 0.983970641522 -0.226202365378 0.142471699377
6.21000000 0.984077148494 -0.224778633129 0.142274178993
6.22000000 0.984182947782 -0.223356893179 0.142073244346
6.23000000 0.984288044086 -0.221937179525 0.141868924797
6.24000000 0.984392442079 -0.220519525869 0.141661249624
6.25000000 0.984496146400 -0.219103965621 0.141450248025
6.26000000 0.984599161658 -0.217690531899 0.141235949112
6.27000000 0.984701492432 -0.216279257533 0.141018381912
6.28000000 0.984803143270 -0.214870175059 0.140797575371
6.29000000 0.984904118690 -0.213463316727 0.140573558347
6.30000000 0.985004423178 -0.212058714498 0.140346359615
6.31000000 0.985104061195 -0.210656400045 0.140116007864
6.32000000 0.985203037167 -0.209256404755 0.139882531697
6.33000000 0.985301355494 -0.207858759730 0.139645959631
6.34000000 0.985399020546 -0.206463495787 0.139406320095
6.35000000 0.985496036662 -0.205070643459 0.139163641434
6.36000000 0.985592408156 -0.203680232995 0.138917951903
6.37000000 0.985688139310 -0.202292294363 0.138669279670
6.38000000 0.985783234379 -0.200906857250 0.138417652816
6.39000000 0.985877697589 -0.199523951062 0.138163099330
6.40000000 0.985971533139 -0.198143604926 0.137905647118
6.41000000 0.986064745199 -0.196765847689 0.137645323991
6.42000000 0.986157337913 -0.195390707923 0.137382157676
6.43000000 0.986249315394 -0.194018213921 0.137116175805
6.44000000 0.986340681732 -0.192648393701 0.136847405924
6.45000000 0.986431440987 -0.191281275004 0.136575875487
6.46000000 0.986521597192 -0.189916885301 0.136301611857
6.47000000 0.986611154355 -0.188555251787 0.136024642306
6.48000000 0.986700116457 -0.187196401384 0.135744994017
6.49000000 0.986788487450 -0.185840360745 0.135462694077
6.50000000 0.986876271262 -0.184487156252 0.135177769484
6.51000000 0.986963471796 -0.183136814015 0.134890247145
6.52000000 0.987050092926 -0.181789359879 0.134600153871
6.53000000 0.987136138502 -0.180444819418 0.134307516384
6.54000000 0.987221612350 -0.179103217943 0.134012361309
6.55000000 0.987306518266 -0.177764580495 0.133714715182
6.56000000 0.987390860026 -0.176428931854 0.133414604441
6.57000000 0.987474641378 -0.175096296534 0.133112055435
6.58000000 0.987557866045 -0.173766698786 0.132807094414
6.59000000 0.987640537726 -0.172440162599 0.132499747538
6.60000000 0.987722660096 -0.171116711701 0.132190040870
6.61000000 0.987804236804 -0.169796369561 0.131878000378
6.62000000 0.987885271477 -0.168479159387 0.131563651937
6.63000000 0.987965767714 -0.167165104129 0.131247021325
6.64000000 0.988045729096 -0.165854226482 0.130928134225
6.65000000 0.988125159174 -0.164546548881 0.130607016225
6.66000000 0.988204061479 -0.163242093508 0.130283692816
6.67000000 0.988282439519 -0.161940882291 0.129958189394
6.68000000 0.988360296776 -0.160642936903 0.129630531256
6.69000000 0.988437636712 -0.159348278765 0.129300743608
6.70000000 0.988514462762 -0.158056929045 0.128968851553
6.71000000 0.988590778343 -0.156768908665 0.128634880101
6.72000000 0.988666586844 -0.155484238292 0.128298854163
6.73000000 0.988741891637 -0.154202938347 0.127960798556
6.74000000 0.988816696068 -0.152925029004 0.127620737995
6.75000000 0.988891003461 -0.151650530188 0.127278697099
6.76000000 0.988964817119 -0.150379461581 0.126934700392
6.77000000 0.989038140323 -0.149111842618 0.126588772296
6.78000000 0.989110976331 -0.147847692492 0.126240937138
6.79000000 0.989183328380 -0.146587030152 0.125891219144
6.80000000 0.989255199687 -0.145329874305 0.125539642443
6.81000000 0.989326593446 -0.144076243418 0.125186231067
6.82000000 0.989397512829 -0.142826155719 0.124831008946
6.83000000 0.989467960988 -0.141579629196 0.124473999914
6.84000000 0.989537941056 -0.140336681598 0.124115227703
6.85000000 0.989607456141 -0.139097330440 0.123754715950
6.86000000 0.989676509334 -0.137861592999 0.123392488189
6.87000000 0.989745103703 -0.136629486318 0.123028567856
6.88000000 0.989813242297 -0.135401027206 0.122662978288
6.89000000 0.989880928145 -0.134176232239 0.122295742723
6.90000000 0.989948164255 -0.132955117761 0.121926884296
6.91000000 0.990014953614 -0.131737699886 0.121556426046
6.92000000 0.990081299193 -0.130523994497 0.121184390911
6.93000000 0.990147203938 -0.129314017248 0.120810801727
6.94000000 0.990212670780 -0.128107783566 0.120435681232
6.95000000 0.990277702628 -0.126905308652 0.120059052063
6.96000000 0.990342302372 -0.125706607479 0.119680936757
6.97000000 0.990406472883 -0.124511694796 0.119301357752
6.98000000 0.990470217014 -0.123320585128 0.118920337381
6.99000000 0.990533537598 -0.122133292779 0.118537897882
7.00000000 0.990596437448 -0.120949831827 0.118154061390
7.01000000 0.990658919360 -0.119770216134 0.117768849937
7.02000000 0.990720986112 -0.118594459339 0.117382285459
7.03000000 0.990782640462 -0.117422574862 0.116994389788
7.04000000 0.990843885150 -0.116254575908 0.116605184655
7.05000000 0.990904722898 -0.115090475462 0.116214691692
7.06000000 0.990965156409 -0.113930286295 0.115822932429
7.07000000 0.991025188371 -0.112774020963 0.115429928294
7.08000000 0.991084821451 -0.111621691807 0.115035700617
7.09000000 0.991144058299 -0.110473310958 0.114640270624
7.10000000 0.991202901548 -0.109328890332 0.114243659440
7.11000000 0.991261353814 -0.108188441637 0.113845888091
7.12000000 0.991319417694 -0.107051976368 0.113446977501
7.13000000 0.991377095769 -0.105919505815 0.113046948491
7.14000000 0.991434390602 -0.104791041057 0.112645821783
7.15000000 0.991491304740 -0.103666592969 0.112243617997
7.16000000 0.991547840712 -0.102546172219 0.111840357652
7.17000000 0.991604001032 -0.101429789270 0.111436061166
7.18000000 0.991659788194 -0.100317454382 0.111030748854
7.19000000 0.991715204680 -0.099209177611 0.110624440932
7.20000000 0.991770252950 -0.098104968815 0.110217157513
7.21000000 0.991824935453 -0.097004837646 0.109808918611
7.22000000 0.991879254618 -0.095908793561 0.109399744136
7.23000000 0.991933212860 -0.094816845816 0.108989653900
7.24000000 0.991986812577 -0.093729003470 0.108578667609
7.25000000 0.992040056151 -0.092645275385 0.108166804874
7.26000000 0.992092945948 -0.091565670229 0.107754085199
7.27000000 0.992145484319 -0.090490196473 0.107340527991
7.28000000 0.992197673599 -0.089418862396 0.106926152553
7.29000000 0.992249516108 -0.088351676085 0.106510978090
7.30000000 0.992301014150 -0.087288645434 0.106095023703
7.31000000 0.992352170013 -0.086229778148 0.105678308394
7.32000000 0.992402985972 -0.085175081740 0.105260851062
7.33000000 0.992453464284 -0.084124563537 0.104842670508
7.34000000 0.992503607193 -0.083078230678 0.104423785428
7.35000000 0.992553416928 -0.082036090115 0.104004214422
7.36000000 0.992602895703 -0.080998148614 0.103583975986
7.37000000 0.992652045716 -0.079964412759 0.103163088515
7.38000000 0.992700869153 -0.078934888946 0.102741570306
7.39000000 0.992749368182 -0.077909583394 0.102319439552
7.40000000 0.992797544960 -0.076888502137 0.101896714349
7.41000000 0.992845401627 -0.075871651029 0.101473412690
7.42000000 0.992892940311 -0.074859035745 0.101049552468
7.43000000 0.992940163125 -0.073850661782 0.100625151476
7.44000000 0.992987072167 -0.072846534459 0.100200227407
7.45000000 0.993033669522 -0.071846658919 0.099774797854
7.46000000 0.993079957261 -0.070851040128 0.099348880310
7.47000000 0.993125937442 -0.069859682881 0.098922492165
7.48000000 0.993171612108 -0.068872591796 0.098495650714
7.49000000 0.993216983288 -0.067889771321 0.098068373149
7.50000000 0.993262053000 -0.066911225730 0.097640676562
7.51000000 0.993306823247 -0.065936959129 0.097212577947
7.52000000 0.993351296018 -0.064966975455 0.096784094198
7.53000000 0.993395473290 -0.064001278473 0.096355242109
7.54000000 0.993439357027 -0.063039871785 0.095926038375
7.55000000 0.993482949178 -0.062082758822 0.095496499591
7.56000000 0.993526251681 -0.061129942855 0.095066642255
7.57000000 0.993569266461 -0.060181426985 0.094636482763
7.58000000 0.993611995430 -0.059237214152 0.094206037414
7.59000000 0.993654440487 -0.058297307135 0.093775322409
7.60000000 0.993696603517 -0.057361708549 0.093344353847
7.61000000 0.993738486396 -0.056430420850 0.092913147732
7.62000000 0.993780090984 -0.055503446333 0.092481719968
7.63000000 0.993821419130 -0.054580787137 0.092050086360
7.64000000 0.993862472672 -0.053662445240 0.091618262617
7.65000000 0.993903253434 -0.052748422466 0.091186264347
7.66000000 0.993943763228 -0.051838720483 0.090754107063
7.67000000 0.993984003856 -0.050933340803 0.090321806178
7.68000000 0.994023977104 -0.050032284787 0.089889377008
7.69000000 0.994063684751 -0.049135553640 0.089456834773
7.70000000 0.994103128561 -0.048243148418 0.089024194593
7.71000000 0.994142310286 -0.047355070025 0.088591471493
7.72000000 0.994181231669 -0.046471319215 0.088158680400
7.73000000 0.994219894439 -0.045591896594 0.087725836143
7.74000000 0.994258300314 -0.044716802620 0.087292953457
7.75000000 0.994296451002 -0.043846037604 0.086860046977
7.76000000 0.994334348197 -0.042979601711 0.086427131245
7.77000000 0.994371993585 -0.042117494962 0.085994220704
7.78000000 0.994409388839 -0.041259717232 0.085561329702
7.79000000 0.994446535619 -0.040406268255 0.085128472491
7.80000000 0.994483435579 -0.039557147622 0.084695663227
7.81000000 0.994520090357 -0.038712354784 0.084262915970
7.82000000 0.994556501582 -0.037871889050 0.083830244685
7.83000000 0.994592670873 -0.037035749591 0.083397663241
7.84000000 0.994628599838 -0.036203935439 0.082965185414
7.85000000 0.994664290072 -0.035376445491 0.082532824883
7.86000000 0.994699743164 -0.034553278505 0.082100595232
7.87000000 0.994734960687 -0.033734433105 0.081668509951
7.88000000 0.994769944208 -0.032919907781 0.081236582436
7.89000000 0.994804695281 -0.032109700886 0.080804825988
7.90000000 0.994839215451 -0.031303810647 0.080373253815
7.91000000 0.994873506251 -0.030502235152 0.079941879031
7.92000000 0.994907569207 -0.029704972365 0.079510714654
7.93000000 0.994941405831 -0.028912020115 0.079079773611
7.94000000 0.994975017629 -0.028123376105 0.078649068735
7.95000000 0.995008406093 -0.027339037910 0.078218612766
7.96000000 0.995041572707 -0.026559002978 0.077788418351
7.97000000 0.995074518946 -0.025783268630 0.077358498044
7.98000000 0.995107246274 -0.025011832062 0.076928864306
7.99000000 0.995139756146 -0.024244690347 0.076499529508
8.00000000 0.995172050006 -0.023481840434 0.076070505926
8.01000000 0.995204129289 -0.022723279150 0.075641805745
8.02000000 0.995235995422 -0.021969003201 0.075213441059
8.03000000 0.995267649821 -0.021219009171 0.074785423871
8.04000000 0.995299093892 -0.020473293525 0.074357766091
8.05000000 0.995330329033 -0.019731852612 0.073930479538
8.06000000 0.995361356633 -0.018994682658 0.073503575942
8.07000000 0.995392178070 -0.018261779777 0.073077066941
8.08000000 0.995422794714 -0.017533139965 0.072650964082
8.09000000 0.995453207925 -0.016808759104 0.072225278824
8.10000000 0.995483419057 -0.016088632959 0.071800022533
8.11000000 0.995513429451 -0.015372757186 0.071375206487
8.12000000 0.995543240441 -0.014661127325 0.070950841875
8.13000000 0.995572853352 -0.013953738806 0.070526939796
8.14000000 0.995602269500 -0.013250586950 0.070103511258
8.15000000 0.995631490193 -0.012551666966 0.069680567184
8.16000000 0.995660516729 -0.011856973955 0.069258118405
8.17000000 0.995689350398 -0.011166502911 0.068836175665
8.18000000 0.995717992483 -0.010480248720 0.068414749620
8.19000000 0.995746444255 -0.009798206161 0.067993850836
8.20000000 0.995774706979 -0.009120369911 0.067573489795
8.21000000 0.995802781912 -0.008446734538 0.067153676888
8.22000000 0.995830670302 -0.007777294511 0.066734422420
8.23000000 0.995858373387 -0.007112044194 0.066315736611
8.24000000 0.995885892399 -0.006450977850 0.065897629590
8.25000000 0.995913228561 -0.005794089640 0.065480111402
8.26000000 0.995940383088 -0.005141373626 0.065063192007
8.27000000 0.995967357188 -0.004492823771 0.064646881276
8.28000000 0.995994152058 -0.003848433939 0.064231188996
8.29000000 0.996020768889 -0.003208197897 0.063816124868
8.30000000 0.996047208865 -0.002572109315 0.063401698508
8.31000000 0.996073473161 -0.001940161769 0.062987919446
8.32000000 0.996099562944 -0.001312348737 0.062574797129
8.33000000 0.996125479374 -0.000688663606 0.062162340916
8.34000000 0.996151223602 -0.000069099668 0.061750560085
8.35000000 0.996176796773 0.000546349878 0.061339463830
8.36000000 0.996202200023 0.001157691921 0.060929061257
8.37000000 0.996227434481 0.001764933445 0.060519361395
8.38000000 0.996252501269 0.002368081521 0.060110373183
8.39000000 0.996277401501 0.002967143311 0.059702105481
8.40000000 0.996302136283 0.003562126062 0.059294567066
8.41000000 0.996326706716 0.004153037112 0.058887766631
8.42000000 0.996351113890 0.004739883883 0.058481712787
8.43000000 0.996375358891 0.005322673885 0.058076414064
8.44000000 0.996399442796 0.005901414710 0.057671878909
8.45000000 0.996423366676 0.006476114036 0.057268115689
8.46000000 0.996447131593 0.007046779624 0.056865132688
8.47000000 0.996470738605 0.007613419318 0.056462938110
8.48000000 0.996494188761 0.008176041042 0.056061540078
8.49000000 0.996517483101 0.008734652801 0.055660946636
8.50000000 0.996540622663 0.009289262683 0.055261165745
8.51000000 0.996563608474 0.009839878851 0.054862205289
8.52000000 0.996586441556 0.010386509549 0.054464073070
8.53000000 0.996609122924 0.010929163099 0.054066776813
8.54000000 0.996631653586 0.011467847898 0.053670324161
8.55000000 0.996654034542 0.012002572419 0.053274722680
8.56000000 0.996676266789 0.012533345214 0.052879979858
8.57000000 0.996698351313 0.013060174904 0.052486103104
8.58000000 0.996720289097 0.013583070187 0.052093099748
8.59000000 0.996742081116 0.014102039834 0.051700977044
8.60000000 0.996763728338 0.014617092687 0.051309742168
8.61000000 0.996785231724 0.015128237661 0.050919402217
8.62000000 0.996806592232 0.015635483738 0.050529964215
8.63000000 0.996827810810 0.016138839974 0.050141435105
8.64000000 0.996848888401 0.016638315493 0.049753821757
8.65000000 0.996869825943 0.017133919485 0.049367130963
8.66000000 0.996890624365 0.017625661210 0.048981369441
8.67000000 0.996911284591 0.018113549993 0.048596543830
8.68000000 0.996931807542 0.018597595228 0.048212660699
8.69000000 0.996952194127 0.019077806371 0.047829726538
8.70000000 0.996972445254 0.019554192943 0.047447747763
8.71000000 0.996992561823 0.020026764532 0.047066730716
8.72000000 0.997012544727 0.020495530784 0.046686681666
8.73000000 0.997032394855 0.020960501412 0.046307606808
8.74000000 0.997052113089 0.021421686188 0.045929512261
8.75000000 0.997071700305 0.021879094945 0.045552404073
8.76000000 0.997091157374 0.022332737577 0.045176288220
8.77000000 0.997110485161 0.022782624037 0.044801170602
8.78000000 0.997129684524 0.023228764336 0.044427057049
8.79000000 0.997148756317 0.023671168544 0.044053953319
8.80000000 0.997167701388 0.024109846788 0.043681865098
8.81000000 0.997186520578 0.024544809250 0.043310797999
8.82000000 0.997205214725 0.024976066170 0.042940757565
8.83000000 0.997223784658 0.025403627842 0.042571749269
8.84000000 0.997242231203 0.025827504614 0.042203778512
8.85000000 0.997260555181 0.026247706888 0.041836850624
8.86000000 0.997278757405 0.026664245120 0.041470970866
8.87000000 0.997296838684 0.027077129817 0.041106144430
8.88000000 0.997314799823 0.027486371537 0.040742376437
8.89000000 0.997332641619 0.027891980890 0.040379671940
8.90000000 0.997350364865 0.028293968537 0.040018035922
8.91000000 0.997367970349 0.028692345187 0.039657473298
8.92000000 0.997385458853 0.029087121597 0.039297988914
8.93000000 0.997402831156 0.029478308575 0.038939587550
8.94000000 0.997420088028 0.029865916974 0.038582273915
8.95000000 0.997437230237 0.030249957695 0.038226052654
8.96000000 0.997454258544 0.030630441684 0.037870928343
8.97000000 0.997471173708 0.031007379933 0.037516905490
8.98000000 0.997487976478 0.031380783480 0.037163988540
8.99000000 0.997504667603 0.031750663405 0.036812181868
9.00000000 0.997521247823 0.032117030833 0.036461489785
9.01000000 0.997537717876 0.032479896930 0.036111916536
9.02000000 0.997554078495 0.032839272907 0.035763466300
9.03000000 0.997570330405 0.033195170013 0.035416143193
9.04000000 0.997586474329 0.033547599541 0.035069951264
9.05000000 0.997602510985 0.033896572822 0.034724894497
9.06000000 0.997618441086 0.034242101228 0.034380976815
9.07000000 0.997634265339 0.034584196169 0.034038202073
9.08000000 0.997649984449 0.034922869092 0.033696574066
9.09000000 0.997665599112 0.035258131485 0.033356096524
9.10000000 0.997681110024 0.035589994870 0.033016773115
9.11000000 0.997696517874 0.035918470806 0.032678607442
9.12000000 0.997711823347 0.036243570889 0.032341603047
9.13000000 0.997727027122 0.036565306750 0.032005763411
9.14000000 0.997742129876 0.036883690052 0.031671091952
9.15000000 0.997757132280 0.037198732494 0.031337592027
9.16000000 0.997772035001 0.037510445808 0.031005266930
9.17000000 0.997786838700 0.037818841759 0.030674119897
9.18000000 0.997801544037 0.038123932144 0.030344154101
9.19000000 0.997816151664 0.038425728789 0.030015372656
9.20000000 0.997830662230 0.038724243555 0.029687778615
9.21000000 0.997845076381 0.039019488330 0.029361374972
9.22000000 0.997859394758 0.039311475032 0.029036164661
9.23000000 0.997873617996 0.039600215610 0.028712150558
9.24000000 0.997887746728 0.039885722040 0.028389335479
9.25000000 0.997901781582 0.040168006326 0.028067722181
9.26000000 0.997915723181 0.040447080499 0.027747313365
9.27000000 0.997929572145 0.040722956617 0.027428111671
9.28000000 0.997943329090 0.040995646764 0.027110119683
9.29000000 0.997956994627 0.041265163051 0.026793339929
9.30000000 0.997970569363 0.041531517612 0.026477774877
9.31000000 0.997984053903 0.041794722606 0.026163426941
9.32000000 0.997997448844 0.042054790216 0.025850298477
9.33000000 0.998010754783 0.042311732648 0.025538391784
9.34000000 0.998023972310 0.042565562131 0.025227709108
9.35000000 0.998037102014 0.042816290917 0.024918252636
9.36000000 0.998050144477 0.043063931279 0.024610024502
9.37000000 0.998063100280 0.043308495509 0.024303026784
9.38000000 0.998075969998 0.043549995922 0.023997261507
9.39000000 0.998088754203 0.043788444854 0.023692730639
9.40000000 0.998101453464 0.044023854656 0.023389436095
9.41000000 0.998114068344 0.044256237703 0.023087379738
9.42000000 0.998126599406 0.044485606384 0.022786563374
9.43000000 0.998139047204 0.044711973110 0.022486988760
9.44000000 0.998151412293 0.044935350304 0.022188657595
9.45000000 0.998163695223 0.045155750412 0.021891571531
9.46000000 0.998175896538 0.045373185891 0.021595732162
9.47000000 0.998188016782 0.045587669216 0.021301141035
9.48000000 0.998200056494 0.045799212877 0.021007799643
9.49000000 0.998212016207 0.046007829379 0.020715709426
9.50000000 0.998223896454 0.046213531241 0.020424871776
9.51000000 0.998235697763 0.046416330995 0.020135288032
9.52000000 0.998247420658 0.046616241186 0.019846959484
9.53000000 0.998259065661 0.046813274372 0.019559887369
9.54000000 0.998270633288 0.047007443125 0.019274072878
9.55000000 0.998282124054 0.047198760026 0.018989517148
9.56000000 0.998293538470 0.047387237668 0.018706221271
9.57000000 0.998304877043 0.047572888654 0.018424186286
9.58000000 0.998316140277 0.047755725600 0.018143413185
9.59000000 0.998327328672 0.047935761127 0.017863902912
9.60000000 0.998338442727 0.048113007870 0.017585656362
9.61000000 0.998349482934 0.048287478470 0.017308674383
9.62000000 0.998360449784 0.048459185576 0.017032957773
9.63000000 0.998371343765 0.048628141846 0.016758507285
9.64000000 0.998382165361 0.048794359944 0.016485323624
9.65000000 0.998392915053 0.048957852543 0.016213407449
9.66000000 0.998403593319 0.049118632320 0.015942759371
9.67000000 0.998414200633 0.049276711960 0.015673379956
9.68000000 0.998424737467 0.049432104150 0.015405269724
9.69000000 0.998435204289 0.049584821586 0.015138429149
9.70000000 0.998445601565 0.049734876967 0.014872858660
9.71000000 0.998455929755 0.049882282994 0.014608558641
9.72000000 0.998466189321 0.050027052376 0.014345529430
9.73000000 0.998476380716 0.050169197820 0.014083771323
9.74000000 0.998486504395 0.050308732040 0.013823284570
9.75000000 0.998496560807 0.050445667750 0.013564069377
9.76000000 0.998506550399 0.050580017666 0.013306125907
9.77000000 0.998516473616 0.050711794508 0.013049454280
9.78000000 0.998526330897 0.050841010992 0.012794054572
9.79000000 0.998536122683 0.050967679839 0.012539926816
9.80000000 0.998545849406 0.051091813768 0.012287071005
9.81000000 0.998555511501 0.051213425499 0.012035487087
9.82000000 0.998565109396 0.051332527749 0.011785174969
9.83000000 0.998574643517 0.051449133237 0.011536134517
9.84000000 0.998584114289 0.051563254678 0.011288365555
9.85000000 0.998593522133 0.051674904786 0.011041867866
9.86000000 0.998602867467 0.051784096272 0.010796641193
9.87000000 0.998612150705 0.051890841845 0.010552685236
9.88000000 0.998621372261 0.051995154211 0.010309999658
9.89000000 0.998630532544 0.052097046072 0.010068584080
9.90000000 0.998639631962 0.052196530125 0.009828438084
9.91000000 0.998648670919 0.052293619064 0.009589561212
9.92000000 0.998657649817 0.052388325578 0.009351952968
9.93000000 0.998666569054 0.052480662350 0.009115612817
9.94000000 0.998675429028 0.052570642059 0.008880540184
9.95000000 0.998684230131 0.052658277377 0.008646734457
9.96000000 0.998692972756 0.052743580969 0.008414194986
9.97000000 0.998701657290 0.052826565495 0.008182921082
9.98000000 0.998710284120 0.052907243607 0.007952912020
9.99000000 0.998718853629 0.052985627949 0.007724167037
10.00000000 0.998727366199 0.053061731159 0.007496685334
